# Camera list with one line of data per camera:
#   CAMERA_ID, MODEL, WIDTH, HEIGHT, PARAMS[]
# Number of cameras: 200
1 SIMPLE_RADIAL 1280 720 1161.5078400662462 640 360 0.0017032505948848472
2 SIMPLE_RADIAL 1280 720 1157.7537716139477 640 360 0.0045021243456147778
3 SIMPLE_RADIAL 1280 720 1155.3129251507969 640 360 0.010962352063563805
4 SIMPLE_RADIAL 1280 720 1156.0439572954845 640 360 0.013087406306786438
5 SIMPLE_RADIAL 1280 720 1152.9138053272159 640 360 0.02356849037480634
6 SIMPLE_RADIAL 1280 720 1157.1021862425189 640 360 0.019268342983639209
7 SIMPLE_RADIAL 1280 720 1153.7762291908323 640 360 0.020678825734009868
8 SIMPLE_RADIAL 1280 720 1154.7894917277188 640 360 0.016880181052993066
9 SIMPLE_RADIAL 1280 720 1155.9432832946293 640 360 0.016771639686381037
10 SIMPLE_RADIAL 1280 720 1153.792580762937 640 360 0.019586078383132657
11 SIMPLE_RADIAL 1280 720 1158.644984648055 640 360 0.018593953635538427
12 SIMPLE_RADIAL 1280 720 1158.9016050264677 640 360 0.015020893773620383
13 SIMPLE_RADIAL 1280 720 1160.2385700444922 640 360 0.013399116507986744
14 SIMPLE_RADIAL 1280 720 1154.0278397241179 640 360 0.018774770866128037
15 SIMPLE_RADIAL 1280 720 1159.2147307436564 640 360 0.014955747146404928
16 SIMPLE_RADIAL 1280 720 1160.1429758699876 640 360 0.016521829434828095
17 SIMPLE_RADIAL 1280 720 1156.8204350413964 640 360 0.016483106510027056
18 SIMPLE_RADIAL 1280 720 1159.7460268480936 640 360 0.016696188929544206
19 SIMPLE_RADIAL 1280 720 1160.6736763644174 640 360 0.014768634044807353
20 SIMPLE_RADIAL 1280 720 1160.548210842119 640 360 0.016920567767610247
21 SIMPLE_RADIAL 1280 720 1160.1410985111791 640 360 0.014654443767124714
22 SIMPLE_RADIAL 1280 720 1156.3824282444466 640 360 0.016889768051413116
23 SIMPLE_RADIAL 1280 720 1161.7583979015153 640 360 0.015494553968921344
24 SIMPLE_RADIAL 1280 720 1161.283930230117 640 360 0.015827765396805287
25 SIMPLE_RADIAL 1280 720 1162.1175636759665 640 360 0.013249228047285322
26 SIMPLE_RADIAL 1280 720 1160.978023041278 640 360 0.016738996391302427
27 SIMPLE_RADIAL 1280 720 1157.9351004143573 640 360 0.016426624801169111
28 SIMPLE_RADIAL 1280 720 1161.2916692472315 640 360 0.022310447108420072
29 SIMPLE_RADIAL 1280 720 1161.2040241892537 640 360 0.020943142034906454
30 SIMPLE_RADIAL 1280 720 1159.419395624594 640 360 0.022230963996027291
31 SIMPLE_RADIAL 1280 720 1164.2276695337405 640 360 0.017822278385317414
32 SIMPLE_RADIAL 1280 720 1162.3000804634139 640 360 0.016290125924818249
33 SIMPLE_RADIAL 1280 720 1162.0005788719761 640 360 0.019323580148178164
34 SIMPLE_RADIAL 1280 720 1162.572175837847 640 360 0.015042143209681729
35 SIMPLE_RADIAL 1280 720 1164.2195239308785 640 360 0.0164512440849417
36 SIMPLE_RADIAL 1280 720 1161.3718554781403 640 360 0.01356104428714471
37 SIMPLE_RADIAL 1280 720 1161.834951739294 640 360 0.014254156421287557
38 SIMPLE_RADIAL 1280 720 1161.5355949549985 640 360 0.014700047912877117
39 SIMPLE_RADIAL 1280 720 1160.7346360544866 640 360 0.01607505014334747
40 SIMPLE_RADIAL 1280 720 1160.5468551511894 640 360 0.016532640937994347
41 SIMPLE_RADIAL 1280 720 1158.6488116303265 640 360 0.017774579854958963
42 SIMPLE_RADIAL 1280 720 1158.0124548067733 640 360 0.018212903065829601
43 SIMPLE_RADIAL 1280 720 1158.2278669883258 640 360 0.016811598433116071
44 SIMPLE_RADIAL 1280 720 1158.0927903459531 640 360 0.013771281172821346
45 SIMPLE_RADIAL 1280 720 1159.4217515965838 640 360 0.012879528739716636
46 SIMPLE_RADIAL 1280 720 1158.9373328613897 640 360 0.012415390697006399
47 SIMPLE_RADIAL 1280 720 1161.6115781150258 640 360 0.0096990600583392612
48 SIMPLE_RADIAL 1280 720 1160.6889255600368 640 360 0.0077780966492457613
49 SIMPLE_RADIAL 1280 720 1161.7863406371537 640 360 0.0084761820925668783
50 SIMPLE_RADIAL 1280 720 1160.4969662896012 640 360 0.010956275007779508
51 SIMPLE_RADIAL 1280 720 1160.8441866771457 640 360 0.0075063567214476322
52 SIMPLE_RADIAL 1280 720 1161.5530695853583 640 360 0.010958120334074561
53 SIMPLE_RADIAL 1280 720 1160.0071776893883 640 360 0.011603898855982472
54 SIMPLE_RADIAL 1280 720 1160.3227394433263 640 360 0.012359616493886089
55 SIMPLE_RADIAL 1280 720 1159.4492217878203 640 360 0.015789098042785128
56 SIMPLE_RADIAL 1280 720 1160.2238360049182 640 360 0.015548322845828477
57 SIMPLE_RADIAL 1280 720 1160.5386684574555 640 360 0.017270150975950832
58 SIMPLE_RADIAL 1280 720 1160.1915677414813 640 360 0.016090755079057998
59 SIMPLE_RADIAL 1280 720 1160.9628422107194 640 360 0.014741364035934084
60 SIMPLE_RADIAL 1280 720 1162.4545797813539 640 360 0.015345061400389276
61 SIMPLE_RADIAL 1280 720 1161.9729377017591 640 360 0.014544183133436826
62 SIMPLE_RADIAL 1280 720 1163.1458782410559 640 360 0.016895091432760748
63 SIMPLE_RADIAL 1280 720 1162.0952757773009 640 360 0.014187722455488529
64 SIMPLE_RADIAL 1280 720 1162.2932835009328 640 360 0.016767210670963598
65 SIMPLE_RADIAL 1280 720 1162.5005021991071 640 360 0.014730055173544422
66 SIMPLE_RADIAL 1280 720 1160.9857768828217 640 360 0.015795956619507386
67 SIMPLE_RADIAL 1280 720 1160.7278571066417 640 360 0.015100015614863163
68 SIMPLE_RADIAL 1280 720 1163.5065238441973 640 360 0.013581569978499028
69 SIMPLE_RADIAL 1280 720 1161.9254154837643 640 360 0.013143669687576891
70 SIMPLE_RADIAL 1280 720 1164.1042923662676 640 360 0.014009587598887624
71 SIMPLE_RADIAL 1280 720 1164.7758361706656 640 360 0.014815906008497635
72 SIMPLE_RADIAL 1280 720 1165.8133793968279 640 360 0.013813841932948595
73 SIMPLE_RADIAL 1280 720 1166.607606025352 640 360 0.010450395921984212
74 SIMPLE_RADIAL 1280 720 1169.0291992654088 640 360 0.0071848841887985982
75 SIMPLE_RADIAL 1280 720 1171.1018998999502 640 360 0.012475852128822509
76 SIMPLE_RADIAL 1280 720 1173.9605939200715 640 360 0.012486748838874228
77 SIMPLE_RADIAL 1280 720 1173.745256227259 640 360 0.014527725371481323
78 SIMPLE_RADIAL 1280 720 1171.8901578482419 640 360 0.017809703243061123
79 SIMPLE_RADIAL 1280 720 1172.8692362626562 640 360 0.015211706962164511
80 SIMPLE_RADIAL 1280 720 1170.1388597822977 640 360 0.018588200985352351
81 SIMPLE_RADIAL 1280 720 1172.4412822729562 640 360 0.01796408707141238
82 SIMPLE_RADIAL 1280 720 1173.9633421603562 640 360 0.018782192022326751
83 SIMPLE_RADIAL 1280 720 1172.6144927007851 640 360 0.015760926510053917
84 SIMPLE_RADIAL 1280 720 1172.1618235108317 640 360 0.015072914526157759
85 SIMPLE_RADIAL 1280 720 1170.8764291262382 640 360 0.014650485069559467
86 SIMPLE_RADIAL 1280 720 1171.5476013691805 640 360 0.014609142997234481
87 SIMPLE_RADIAL 1280 720 1172.0836276281452 640 360 0.016416136361630859
88 SIMPLE_RADIAL 1280 720 1169.7258769001608 640 360 0.018261527739559406
89 SIMPLE_RADIAL 1280 720 1170.579637394696 640 360 0.015431938644372574
90 SIMPLE_RADIAL 1280 720 1172.9343203387457 640 360 0.015682894990643306
91 SIMPLE_RADIAL 1280 720 1172.4898653976077 640 360 0.014809893585649093
92 SIMPLE_RADIAL 1280 720 1171.0074251976669 640 360 0.015782918985368096
93 SIMPLE_RADIAL 1280 720 1174.0414309380574 640 360 0.01633836680289958
94 SIMPLE_RADIAL 1280 720 1170.127254619513 640 360 0.012506219989257184
95 SIMPLE_RADIAL 1280 720 1171.9293352378011 640 360 0.010917323755903477
96 SIMPLE_RADIAL 1280 720 1169.353376873873 640 360 0.015104409971838506
97 SIMPLE_RADIAL 1280 720 1169.8359597586584 640 360 0.011320330660644647
98 SIMPLE_RADIAL 1280 720 1170.5476419232029 640 360 0.010991741213886968
99 SIMPLE_RADIAL 1280 720 1171.8540286776329 640 360 0.011538743007281242
100 SIMPLE_RADIAL 1280 720 1173.9245680554563 640 360 0.0092932564239500241
101 SIMPLE_RADIAL 1280 720 1171.2097098699444 640 360 0.011106920565020178
102 SIMPLE_RADIAL 1280 720 1170.5392385368471 640 360 0.008233813870570315
103 SIMPLE_RADIAL 1280 720 1177.6835955524143 640 360 0.0020111067531815565
104 SIMPLE_RADIAL 1280 720 1170.7030814509501 640 360 0.0079458840544933754
105 SIMPLE_RADIAL 1280 720 1168.8229451513225 640 360 0.010276572476956129
106 SIMPLE_RADIAL 1280 720 1162.1870725650392 640 360 0.0098104257109902539
107 SIMPLE_RADIAL 1280 720 1164.9180983328838 640 360 0.011527675463698824
108 SIMPLE_RADIAL 1280 720 1168.3033739474452 640 360 0.0083236962573487137
109 SIMPLE_RADIAL 1280 720 1168.6015046334087 640 360 0.010718735012547545
110 SIMPLE_RADIAL 1280 720 1166.4392777329326 640 360 0.016784272173826276
111 SIMPLE_RADIAL 1280 720 1171.2997357488725 640 360 0.015292998372633182
112 SIMPLE_RADIAL 1280 720 1173.3774834624644 640 360 0.012797771374398926
113 SIMPLE_RADIAL 1280 720 1168.6446238040132 640 360 0.018367994694717827
114 SIMPLE_RADIAL 1280 720 1170.564054709781 640 360 0.013642758567663012
115 SIMPLE_RADIAL 1280 720 1167.2912098035426 640 360 0.016720134591769888
116 SIMPLE_RADIAL 1280 720 1168.4458119137089 640 360 0.015230014196156499
117 SIMPLE_RADIAL 1280 720 1167.5232253993452 640 360 0.015354925752198193
118 SIMPLE_RADIAL 1280 720 1169.1720029422847 640 360 0.019439968836867459
119 SIMPLE_RADIAL 1280 720 1168.7630357391347 640 360 0.020206005393094993
120 SIMPLE_RADIAL 1280 720 1165.4111101593735 640 360 0.022693611982788759
121 SIMPLE_RADIAL 1280 720 1166.6826958844638 640 360 0.026753825198001464
122 SIMPLE_RADIAL 1280 720 1172.0938868093822 640 360 0.024096788066456352
123 SIMPLE_RADIAL 1280 720 1172.3445355305996 640 360 0.023444297706323097
124 SIMPLE_RADIAL 1280 720 1163.4020580730366 640 360 0.0188646670597497
125 SIMPLE_RADIAL 1280 720 1153.2163228681907 640 360 0.020666382566932432
126 SIMPLE_RADIAL 1280 720 1155.2647826496807 640 360 0.020159452873407702
127 SIMPLE_RADIAL 1280 720 1151.9112738339602 640 360 0.016648905188426547
128 SIMPLE_RADIAL 1280 720 1150.104767403451 640 360 0.023261693565026685
129 SIMPLE_RADIAL 1280 720 1154.8304861483691 640 360 0.021632968102070986
130 SIMPLE_RADIAL 1280 720 1152.6818359306906 640 360 0.022516866979313082
131 SIMPLE_RADIAL 1280 720 1160.5894254975167 640 360 0.022226319913663133
132 SIMPLE_RADIAL 1280 720 1161.6323283246629 640 360 0.020540339667261882
133 SIMPLE_RADIAL 1280 720 1159.9616807983646 640 360 0.020962579814695785
134 SIMPLE_RADIAL 1280 720 1158.3741815664412 640 360 0.019225896377188568
135 SIMPLE_RADIAL 1280 720 1159.2699530770565 640 360 0.020408939940396838
136 SIMPLE_RADIAL 1280 720 1155.9763171368238 640 360 0.022627398393063852
137 SIMPLE_RADIAL 1280 720 1157.501078040634 640 360 0.021146201142684819
138 SIMPLE_RADIAL 1280 720 1158.6036305554578 640 360 0.021862560946759146
139 SIMPLE_RADIAL 1280 720 1160.1834772811119 640 360 0.021345809566641387
140 SIMPLE_RADIAL 1280 720 1163.513891185132 640 360 0.021720595904225558
141 SIMPLE_RADIAL 1280 720 1164.0861413766547 640 360 0.023867990464187857
142 SIMPLE_RADIAL 1280 720 1164.0168327955603 640 360 0.023500428594216333
143 SIMPLE_RADIAL 1280 720 1167.1109133935543 640 360 0.022235871256222305
144 SIMPLE_RADIAL 1280 720 1170.5873893198975 640 360 0.02297181579635001
145 SIMPLE_RADIAL 1280 720 1168.4317705189492 640 360 0.024542361590831042
146 SIMPLE_RADIAL 1280 720 1170.8522082341856 640 360 0.023684616991200565
147 SIMPLE_RADIAL 1280 720 1172.4391675056331 640 360 0.026126245321572556
148 SIMPLE_RADIAL 1280 720 1174.1681149228968 640 360 0.020966755633536793
149 SIMPLE_RADIAL 1280 720 1175.5724403119002 640 360 0.013427147220054881
150 SIMPLE_RADIAL 1280 720 1173.7075774029263 640 360 0.012513297071319766
151 SIMPLE_RADIAL 1280 720 1170.8335342351018 640 360 0.013742946966507064
152 SIMPLE_RADIAL 1280 720 1170.5222346933774 640 360 0.013091255390653207
153 SIMPLE_RADIAL 1280 720 1167.9536889636229 640 360 0.01417440667851003
154 SIMPLE_RADIAL 1280 720 1166.5871626104674 640 360 0.021144831399311035
155 SIMPLE_RADIAL 1280 720 1162.0490740406797 640 360 0.018706558512605047
156 SIMPLE_RADIAL 1280 720 1160.1412060121284 640 360 0.017934387899626078
157 SIMPLE_RADIAL 1280 720 1162.7822172910664 640 360 0.020249352588579961
158 SIMPLE_RADIAL 1280 720 1162.7892068483479 640 360 0.017830540301488503
159 SIMPLE_RADIAL 1280 720 1165.2312316479076 640 360 0.019223709201250942
160 SIMPLE_RADIAL 1280 720 1163.6940103469578 640 360 0.01920847766849737
161 SIMPLE_RADIAL 1280 720 1162.5127858134574 640 360 0.020474519416476392
162 SIMPLE_RADIAL 1280 720 1162.407663170595 640 360 0.017379785908568882
163 SIMPLE_RADIAL 1280 720 1163.7942899039124 640 360 0.015669537677191023
164 SIMPLE_RADIAL 1280 720 1164.5229408669431 640 360 0.019387655715270208
165 SIMPLE_RADIAL 1280 720 1166.9509581788554 640 360 0.021957153304884579
166 SIMPLE_RADIAL 1280 720 1167.8596115563357 640 360 0.022298726809501679
167 SIMPLE_RADIAL 1280 720 1166.1450482554553 640 360 0.024352312394386028
168 SIMPLE_RADIAL 1280 720 1167.9710570342959 640 360 0.0253998045174532
169 SIMPLE_RADIAL 1280 720 1167.806659157277 640 360 0.026675143554142685
170 SIMPLE_RADIAL 1280 720 1167.1880604222822 640 360 0.025551651478109231
171 SIMPLE_RADIAL 1280 720 1167.9171934892508 640 360 0.023311014072702668
172 SIMPLE_RADIAL 1280 720 1170.3773883341805 640 360 0.019223491807264563
173 SIMPLE_RADIAL 1280 720 1169.9959536922836 640 360 0.015314666789445666
174 SIMPLE_RADIAL 1280 720 1167.9876512827491 640 360 0.0083337645036531925
175 SIMPLE_RADIAL 1280 720 1170.4215471002558 640 360 0.009051852914663306
176 SIMPLE_RADIAL 1280 720 1166.921048880233 640 360 0.007781448096260986
177 SIMPLE_RADIAL 1280 720 1168.6229405735098 640 360 0.011492673309190923
178 SIMPLE_RADIAL 1280 720 1166.6811851435102 640 360 0.011615687233445367
179 SIMPLE_RADIAL 1280 720 1163.9710231687975 640 360 0.017076560319327413
180 SIMPLE_RADIAL 1280 720 1162.571428802841 640 360 0.015056816660721183
181 SIMPLE_RADIAL 1280 720 1165.7593437855874 640 360 0.017832871767637211
182 SIMPLE_RADIAL 1280 720 1164.5623839504658 640 360 0.016766842343010947
183 SIMPLE_RADIAL 1280 720 1164.2167203019817 640 360 0.017461085029119774
184 SIMPLE_RADIAL 1280 720 1166.3518718337159 640 360 0.018123708617647821
185 SIMPLE_RADIAL 1280 720 1167.8200302352675 640 360 0.019249789620855856
186 SIMPLE_RADIAL 1280 720 1166.6061183521174 640 360 0.02086317545091574
187 SIMPLE_RADIAL 1280 720 1165.7693467007221 640 360 0.020199631693070295
188 SIMPLE_RADIAL 1280 720 1166.9484300044562 640 360 0.022014314361374267
189 SIMPLE_RADIAL 1280 720 1165.7397471614083 640 360 0.023142338038235535
190 SIMPLE_RADIAL 1280 720 1165.275004403725 640 360 0.023344164401276714
191 SIMPLE_RADIAL 1280 720 1163.1966450178304 640 360 0.022243861111548163
192 SIMPLE_RADIAL 1280 720 1165.3663897456918 640 360 0.021154943142600285
193 SIMPLE_RADIAL 1280 720 1166.772799978208 640 360 0.021603849706520045
194 SIMPLE_RADIAL 1280 720 1167.8758690041218 640 360 0.022455681037292074
195 SIMPLE_RADIAL 1280 720 1166.6590562611016 640 360 0.020577776790339824
196 SIMPLE_RADIAL 1280 720 1165.5687420073402 640 360 0.01860209498657657
197 SIMPLE_RADIAL 1280 720 1165.8963751329782 640 360 0.019148261391009041
198 SIMPLE_RADIAL 1280 720 1166.6686825442703 640 360 0.016970969169127846
199 SIMPLE_RADIAL 1280 720 1165.8033297725872 640 360 0.014297050332596997
200 SIMPLE_RADIAL 1280 720 1165.3732706216304 640 360 0.014652219495694084
